302 
1149 
1290 
1543 
2148 
2263 
2373 
3501 
3960 
4338 
4484 
5361 
5374 
6420 
7043 
7044 
7712 
7924 
8169 
8310 
8759 
9380 
10014 
10057 
10348 
10373 
10480 
10660 
10712 
10790 
11285 
11553 
11576 
12427 138563 
13193 
13768 502396 527863 615424 625488 862533 879353 
13888 
13915 
14110 
14125 
14409 
15014 
16597 
18130 
18161 
18410 
18612 
19011 
19665 
19734 
19995 
20177 
20451 
21037 
21675 
21900 
22435 
22911 
22959 
23878 
23893 
24539 
25304 
25338 
25477 
27069 298620 
27401 
27723 
29766 
29819 
30515 
30752 
30779 
31341 
31643 
31737 
31760 
32769 477540 
32928 
33359 
33430 
33479 
34229 
35295 
35401 
35658 
36623 
36832 
37838 
38661 
39920 
40364 
40427 
40462 967085 
40557 
41298 
41312 
41719 
42018 
43489 
43519 
43651 
43898 59354 
44480 
45664 
45720 
46451 
47518 
48174 
48250 
48599 
49174 
49178 
49498 
50424 
50599 
50701 
51624 
52242 
52338 
52543 
28967 32179 52665 90517 176605 258656 378974 383477 387974 518168 524198 543924 615436 698746 800939 804717 820781 882904 965898 981626 
53198 
53572 
54105 
55284 
56974 
57579 
58024 
58082 
59301 
59910 
60750 
61545 
62688 
62852 
63285 
63590 
64288 
64331 
64718 
64866 
66528 
67786 
68600 
68644 
68970 
69156 
69384 69641 
69955 
70100 
70318 
70466 
71468 
71544 
72103 
72452 
72556 
72699 
72821 
73751 
74043 
74137 
74330 
74368 
75854 648815 
76051 
78065 
79593 
79829 
81039 
81155 
82603 
82895 
82936 
84485 
84596 
84629 
85548 
87447 
87826 
87915 
88713 
89982 
91291 
91304 
91793 
92677 
94968 
95228 
95427 
95668 
96252 
96472 
97193 
97292 
98421 
98442 
100007 
101833 
102894 
103113 
104262 
105074 
105350 
105556 
106042 
106524 
107563 
108162 
108455 
109186 
1772 110023 290770 369074 488227 490514 704445 988749 
110727 
110932 
111202 
111255 
111779 
112209 
112653 
112746 
113196 
113342 
113501 
113806 
114213 
114874 
114930 
115072 
115107 
115412 
115585 
115819 
116769 
116911 
118136 
119602 
119732 
120110 
120289 
120391 
120668 
121392 
121484 
122162 
122165 
122759 
123076 
123682 
124546 
125621 
22814 76056 76064 126628 154017 159635 271609 418118 519894 643231 
126907 
127031 
127219 
127440 
128078 
129117 
129542 
130300 
130690 
131484 
131797 
132203 
132358 
132889 
133166 
133819 
134193 
134517 
134741 
134876 
135828 
136687 
137076 
137710 
138111 
138346 
138762 
139169 
139375 
139442 
139812 
140258 
140336 
140625 
140885 
141221 
142429 
142861 
143014 
143203 
144286 
145167 
146303 
146976 
147373 
147391 
147662 
147776 
147818 
147930 
148047 
148422 
148683 
148766 
149286 
149571 
150085 
20498 150409 220457 322940 378088 380189 391735 721003 734804 940996 944159 
150591 
150992 
151730 
151733 
151858 
152038 
152416 
153158 
153543 
39642 154602 
154706 
154900 
155158 
155360 
156330 
157931 
158088 158096 278008 563529 
158321 
161117 
161270 
161278 
161298 
162847 
164023 
164166 
164752 
165102 
165642 
166052 
166095 
166325 
166814 
166834 
167441 
168541 
169178 
169298 
170579 
170583 
170729 
171331 
42631 81884 85971 156328 171996 208471 303660 325898 330807 353740 375516 409264 434900 473639 477672 481743 485226 486544 521210 564992 588426 637483 650949 713647 742782 758940 761578 762793 771023 807365 861426 962643 963603 
172131 
2607 36692 172189 545442 604122 735689 766934 
172656 
73079 154250 166441 172790 178617 194906 208940 215183 241267 261649 278732 392685 399212 472628 475279 489519 590318 628085 655232 683757 775926 802505 829710 849485 850966 866900 889043 903342 909902 912689 967926 989699 
173076 
173179 
173251 
173350 
173546 
173573 
144760 148807 150034 158502 159720 174245 191150 195110 197931 202156 252148 252317 252703 254630 256249 263373 
174698 
175756 
176213 
176247 
176858 
177185 
177720 
177838 
178666 
178855 
179708 
179935 
180653 
180901 
181163 
181609 
183660 
183913 
183950 
184083 
184154 
185477 
185822 
185856 
186067 
186344 600638 
24743 28331 74315 87524 106311 134294 174453 174886 188038 195738 199171 210253 261620 283630 301272 315582 338350 437972 455988 501568 512067 533982 544454 555830 562310 594161 621936 692395 696735 698090 711734 719687 730816 739596 742906 798087 811796 828576 838156 842487 852468 881494 894539 941888 956517 960832 961902 
188389 
188481 
188728 
188811 
189593 
189662 
189957 
191478 
191832 
192770 
193564 
194952 
195464 
196178 
196408 
197314 
198185 
198734 
8203 10721 149183 198933 451412 475567 479851 500082 557303 570687 583042 760676 766140 772245 786156 923687 941646 
199192 
199469 
199511 
199874 
200022 
200537 
200555 
200809 
201096 
201296 
201535 
202125 
202939 
203062 
203474 
204431 
204480 
204782 
204954 
204988 
205003 
205768 
205821 
206159 
206215 
206582 
206835 
206891 
31839 51724 61368 61827 62447 68305 69189 76134 83102 94424 103595 104319 106058 108965 113987 119820 133050 136868 142818 146894 148555 150633 155538 156179 190684 200625 207082 210294 211805 217020 264511 268302 270758 272927 284422 288741 289352 290136 290492 305028 313370 330868 346007 349462 352517 353438 368908 371639 379477 386411 396903 427209 428536 429278 441204 446080 446592 453703 469126 478650 480254 488750 505145 511673 519832 533292 538579 539236 543120 545548 563581 564828 568297 570641 574763 600255 601377 601677 608216 618557 619135 628723 642314 644457 644665 651070 656594 692254 720368 721360 739278 759986 784231 819137 854686 873898 877999 893102 898517 904975 907805 939014 945528 957988 958101 966917 970971 971950 983744 990997 993668 
208722 
209641 
209787 
209984 
210719 
210727 
213179 
67905 214184 407545 519586 559900 561358 
216031 
216330 
216448 
216523 
216815 
217157 
217170 
217268 
217611 
217921 
219205 
219617 
219758 
220193 
220468 
220680 
221066 
222118 
222594 
223319 
223324 
224183 
224497 
224667 
224732 
225022 
225374 
225574 
225882 
226112 
226168 
23256 226274 540212 596585 652683 704439 838695 983298 
228020 
228379 
228711 
229199 
229914 
230030 
230952 
232130 
232300 
232632 
232788 
233610 
100370 233654 491055 
233786 
234534 
237811 
237963 
238127 
238831 
239193 
239262 
126823 239315 509586 
239424 393544 670740 
240147 
240265 
240701 
240948 
241330 
241736 
241806 
242701 
242758 
7875 15995 40107 49222 53206 56610 63059 76374 79688 81121 85927 90450 91164 94463 97394 103282 108527 111486 113459 115531 116216 120597 121228 129524 132411 136988 142435 142649 144001 144113 149770 150112 151855 159797 159814 162228 166056 166611 179452 186964 190430 190965 193034 194045 205441 208948 214068 214785 215187 215475 216942 216969 216997 219641 220396 221640 224424 225243 228253 236886 236895 236903 238982 240911 243263 243376 244425 244490 245295 245442 248796 251897 269124 272799 272869 273246 278407 278457 282051 284723 286073 288965 295919 303307 303400 314917 315469 317628 323582 324740 330389 336388 344498 356445 356511 365272 365273 365768 374362 376520 378754 387468 389376 389477 392640 394528 395223 401891 402051 405877 406739 408036 408971 409239 411952 414098 414188 414871 417787 421542 423016 428260 430303 430403 430443 434140 440358 440403 442558 444798 445700 446826 451662 452525 457337 457687 461818 463865 464913 465839 470972 480585 481812 482227 485185 488263 488780 491590 492346 493760 494592 498841 499610 501771 504196 504721 510110 510163 510391 512213 512327 514617 514654 518366 518470 521508 521936 522770 526938 529652 532242 536342 540358 541132 541160 542895 544447 546728 547406 550262 553145 553786 554180 559262 559316 569161 580186 580932 581396 582868 589082 590013 591219 591264 591633 591818 599552 605612 606202 607843 608098 608613 613915 614845 614847 615603 616609 619725 621788 621852 626603 626992 630461 630708 633885 639028 639303 641918 644226 644374 644390 645790 647458 647500 647578 648068 652320 653293 654293 654304 657431 663609 664852 668568 670551 672469 674145 675600 678040 681284 682422 683845 685665 686947 687083 691214 691291 691297 692092 695147 699629 703374 706756 708211 708418 708969 708973 709116 709136 713555 714099 715728 717468 719928 720650 720683 721578 723667 727105 729569 729666 729757 731057 731336 736789 737839 738479 738901 740991 741747 742264 743081 744761 745579 751796 751808 751813 752346 752415 754918 754980 758845 758869 759408 761610 762760 765883 766120 770191 770311 773472 778453 779212 779487 779716 780682 787647 791369 799752 801390 802572 808137 808292 812975 817668 817722 820855 821186 821339 822258 827372 829397 830037 833763 833950 834920 835973 838077 839470 842006 846413 846542 847506 848999 849243 850897 855729 857088 858834 859184 859344 861479 861970 863308 863315 865272 865317 865366 865404 866584 869138 873756 873880 874062 875834 876224 878437 882306 882670 883768 884239 884317 885499 886370 888556 890120 895057 897149 899251 899511 901482 906015 907137 908814 910226 910230 911390 914350 914579 915468 916576 918997 925999 927629 927670 929498 933549 939299 940088 941204 941331 942138 945627 946117 949251 949443 950333 955254 955583 957135 957141 961298 961398 961583 963300 963559 964167 965680 965696 966742 966755 971163 972247 972952 973550 973932 977115 977610 978224 979404 981723 984869 986988 993278 995890 997315 997849 999046 
244772 
244808 
245739 
246024 
247819 
249366 
249493 
249688 
249894 
250405 
250419 
250499 
250798 
251356 
251564 
251778 
251859 
251898 
252087 
252196 
252350 
252388 
38684 253341 
254412 
254984 
255475 
256081 
256526 
256620 
257152 
257845 
258445 
259047 
259430 
259964 
261285 
262423 
262931 
263723 
263885 
264058 
264099 
264283 
264566 
265683 
265980 
267005 
267528 
268427 
268734 
268855 
268995 269046 
269489 
269644 
270126 
270575 
270691 
271190 
272150 
272235 
273185 
273223 
273881 
273905 
274385 
274596 
275122 
276002 
277106 
277336 
278313 
279032 
279081 
199262 230171 236569 242883 279392 382523 389064 412692 413276 543296 605007 891758 
279459 
280294 
280492 
280505 
281054 
281651 
281659 
282137 
282188 
282387 
282693 
282696 
282868 
283405 
284157 
284540 
285036 
285083 
285784 
286326 
286762 
286984 
287226 
288706 
268781 288830 
289439 
290040 
290891 
291345 
291835 
291881 
291901 
292591 
295966 
296324 
297186 
297883 
298171 298179 
298415 
298585 
299133 
299563 
300941 
300955 
301564 
301688 
302149 
302883 
302961 
303583 
303617 
303854 
304377 
304413 540792 
304593 
2699 3456 6287 8712 9142 12513 14720 18112 18177 18644 22270 23134 29489 29599 31882 37856 39344 39689 40444 40581 42066 43027 44623 45245 56093 57978 60268 61303 64045 64507 64532 67519 68518 71421 72354 74193 76541 82608 84386 87390 92049 98637 99766 112541 116280 125637 127775 132330 133475 136439 140354 140748 145837 146380 151559 151753 155102 155438 158574 160766 162025 164252 164294 165461 167852 168797 174368 176970 180878 181858 182156 183595 183996 185193 186341 187190 193038 195140 201507 201732 205979 208153 211086 219472 221704 223628 223921 224687 232919 236195 237559 240805 241212 243128 243423 244907 248367 251939 252069 253604 254671 258188 259137 260210 266373 272501 272807 273577 274565 277899 281960 287655 290770 291429 292282 294527 298530 300665 304723 305381 309949 310618 311038 312108 320776 323594 325484 325896 328561 329168 329368 331857 334509 334541 335667 338215 341859 342707 347209 353138 360150 362523 369808 375415 376915 378553 379218 379741 381489 387768 389093 389894 399040 406709 408337 419308 421999 422784 423436 426524 427207 431328 433626 434769 437342 437524 440996 443019 449760 453453 457290 458920 460381 460443 460509 468284 469587 470326 476555 477128 478776 480352 487478 488227 490514 491930 495997 502609 504309 508713 511053 511620 514296 516607 516873 519335 521522 522200 530028 537532 541361 544058 547761 547933 548302 553478 554356 562380 562767 565259 571361 577366 585677 593449 593522 594681 595680 599000 600151 602503 603602 606219 609802 609983 610157 616686 618011 618722 627202 629920 631966 631970 632969 636874 637944 638562 639026 639644 644096 646215 648602 652282 659744 660589 660666 661755 663262 664107 664142 664265 665292 669132 670123 673004 678798 684000 689487 690975 692954 697330 699985 704445 707676 714543 717606 719136 720536 721948 726984 728912 733293 734515 734805 736757 739179 739669 739713 740809 750591 752237 755515 755960 759272 768535 769295 771949 778317 781498 785923 786471 786922 789358 789811 799305 804936 805074 805378 806963 807854 808040 814437 818862 819385 821589 823729 824776 832064 833939 834630 841354 842755 844933 847071 849026 849700 851480 853020 856538 858825 858870 862031 863350 865759 866662 868149 870220 871254 871712 873807 878886 880555 880763 884108 885974 887683 889022 894131 894555 900631 901203 906222 913240 915942 916412 917518 918201 919394 919413 920346 920897 926332 926503 926604 927158 930732 933521 934274 937300 942712 945176 947014 951339 952923 955132 957997 962373 964547 965996 966585 966998 968061 969421 971192 971604 974152 977873 989219 990074 990345 990623 992529 992641 995219 998681 
305279 
305480 
305494 
306033 
306454 
309183 
309566 
310055 
310436 
310732 
311422 
311817 
312323 
312391 
312925 
312977 
313146 
313824 
313983 
314875 
314976 
315283 
315372 
316079 
316138 
317852 
318117 
318251 
318403 
320261 
321546 
322221 
322372 
322400 
322849 
323484 
324393 
95256 121902 142176 148587 241886 300719 308019 309130 324871 496584 547433 706475 744249 787606 867012 890627 898299 969420 
325305 
326076 
326180 
326247 
326388 
326605 
327031 
327663 
327725 
328986 
329630 
329721 
17985 171919 236971 293548 330633 380000 409488 458905 493319 517908 521979 531734 625897 659525 690780 713204 735509 744822 785240 791583 813768 875792 884989 891638 892554 903249 989848 
330744 
330768 
331295 
331975 
332276 
333349 
334754 
335504 
336196 
336378 
336759 
337191 
337920 
338353 
338512 
338527 
338840 
5798 50920 109124 111777 118861 177193 207220 215742 220399 235172 261957 297794 319378 335994 338863 345808 355017 371476 372036 396561 404213 412388 424182 539405 554888 602562 663181 892686 896975 928190 951734 992265 
339543 
340092 
340176 
340685 
340830 
341478 
341589 
341679 
342018 
342650 
343166 
343368 
344322 
344744 
345542 
345648 
345822 
345830 
347457 
347935 785579 
348093 
348150 
349155 
349650 
349810 
350453 
351075 
353759 
354337 
354658 
354816 
355608 
356622 
357602 
357659 
357786 
357831 
358294 
358306 
359500 450164 
360083 
360180 
360222 
360969 
362392 
362560 
363119 
363680 
364024 
364029 
364660 
365235 
365364 
366366 
367133 
367439 
368827 
370610 
371087 
371719 
371770 
372615 
373978 
87605 374213 500610 620350 848231 
374526 
374854 
375018 
375063 
375517 926244 
376236 
377069 
377154 
378237 
378275 
378506 
378664 
378805 
379577 
379716 
380268 
123996 191079 193475 258636 270992 284873 294854 375505 381373 438765 439254 454144 457331 470854 484580 522675 526504 605619 621630 668078 756915 906817 979302 979591 981481 
381754 
382260 
382553 
382762 
383188 
383254 
383292 
60820 139262 383719 
384322 
384443 
385118 
385276 
267849 286804 385536 837609 937563 
386031 
386330 
386400 
387085 
387311 
387417 
388447 
388997 
389105 
389267 
389473 
391354 
391554 
167740 391621 
391844 
391919 
392162 
392542 
393895 
393942 
394447 
394870 
394890 
395346 
123037 395856 
395890 
396105 
396717 
397246 
397501 
397634 
397642 
398016 
398122 
134249 149990 398446 475590 
398468 
399180 
400032 
400179 
400203 
400742 941790 
401018 
401667 
401727 
401865 
401873 
402193 
402196 
402400 
402591 
402657 413652 
402800 
402852 
403538 
405059 
405291 
406324 
406463 
273758 336130 367025 407138 440216 475800 547259 560083 565802 574573 625199 630394 641662 680398 785929 835604 907833 921612 999626 
408013 
408341 
409518 
409554 
410760 
410923 
411557 
411747 
411767 
411891 
412008 
413041 
413378 
413732 
413843 
414689 
51688 67609 104428 143977 167334 178582 182007 228416 339062 383320 388043 403936 415554 451547 485257 493524 510247 515518 576437 599397 605636 647012 652316 677106 724201 752616 766345 790535 834308 851889 855862 891124 901130 935918 958738 974940 976298 997171 
416940 
417812 439544 898439 944783 
418129 
418417 
419289 
89565 421024 
421458 
421595 
421738 
421904 
422258 
422560 
423359 
423361 
423812 
424107 
425119 
427643 
427877 
427914 
427992 
428101 
428149 
428526 
428528 
429221 
429640 
430580 
431017 
431400 
432078 
432448 
435277 
436122 
436334 
436775 
436835 
437244 
437279 
437980 
438170 
438200 
439084 
439273 
439732 
439808 
439924 
440444 
440478 
440557 
440670 
441299 
441946 
1363 17555 17568 57046 120746 122068 122070 123460 218118 253953 305907 385929 396778 442038 448317 457770 461564 466142 466204 469025 490109 490131 491040 503545 530608 533080 557336 584033 606099 617840 626685 653915 655272 657418 662637 663534 670300 672012 672843 676747 678425 682973 723275 723376 732895 737818 737996 756228 766061 766356 772122 836104 849027 849051 867255 907318 921327 921711 930169 937759 943609 948140 951148 955237 996457 
442113 
442231 
442748 
442947 
443188 
443338 
443929 
443981 
444040 
444473 
444823 
445467 
446152 
447933 
448229 
448608 
448754 
449528 
449544 
449671 
450241 
451050 
451181 
451779 
452469 
452893 
453297 
453756 
453875 
454393 
454559 
454860 
454905 
454933 
456223 
456550 
456727 
456943 
457620 
457776 
458165 
458256 
458974 
461283 
461601 
461799 
462083 
462410 
463037 
464426 
464596 
465383 
467096 
467192 
467594 
468588 
469895 
470191 
470946 500479 
154809 284138 301538 347694 472310 606451 618123 623468 742962 884353 
473491 
473812 
474150 
474219 
475953 
476353 
476697 
477636 
478222 
479160 
479180 
479209 
479358 
479662 
479788 
480011 
31839 51724 61368 61827 62447 68305 69189 76134 83102 94424 103595 104319 106058 108965 113987 119820 133050 136868 142818 146894 148555 150633 155538 156179 190684 200625 207082 210294 211805 217020 264511 268302 270758 272927 284422 288741 289352 290136 290492 305028 313370 330868 346007 349462 352517 353438 368908 371639 379477 386411 396903 427209 428536 429278 441204 446080 446592 453703 469126 478650 480254 488750 505145 511673 519832 533292 538579 539236 543120 545548 563581 564828 568297 570641 574763 600255 601377 601677 608216 618557 619135 628723 642314 644457 644665 651070 656594 692254 720368 721360 739278 759986 784231 819137 854686 873898 877999 893102 898517 904975 907805 939014 945528 957988 958101 966917 970971 971950 983744 990997 993668 
480813 
481094 
481598 
482311 
482875 
482909 
483693 
77203 483821 
484169 
484853 
485211 
485669 
486224 
486742 
486979 
7875 15995 40107 49222 53206 56610 63059 76374 79688 81121 85927 90450 91164 94463 97394 103282 108527 111486 113459 115531 116216 120597 121228 129524 132411 136988 142435 142649 144001 144113 149770 150112 151855 159797 159814 162228 166056 166611 179452 186964 190430 190965 193034 194045 205441 208948 214068 214785 215187 215475 216942 216969 216997 219641 220396 221640 224424 225243 228253 236886 236895 236903 238982 240911 243263 243376 244425 244490 245295 245442 248796 251897 269124 272799 272869 273246 278407 278457 282051 284723 286073 288965 295919 303307 303400 314917 315469 317628 323582 324740 330389 336388 344498 356445 356511 365272 365273 365768 374362 376520 378754 387468 389376 389477 392640 394528 395223 401891 402051 405877 406739 408036 408971 409239 411952 414098 414188 414871 417787 421542 423016 428260 430303 430403 430443 434140 440358 440403 442558 444798 445700 446826 451662 452525 457337 457687 461818 463865 464913 465839 470972 480585 481812 482227 485185 488263 488780 491590 492346 493760 494592 498841 499610 501771 504196 504721 510110 510163 510391 512213 512327 514617 514654 518366 518470 521508 521936 522770 526938 529652 532242 536342 540358 541132 541160 542895 544447 546728 547406 550262 553145 553786 554180 559262 559316 569161 580186 580932 581396 582868 589082 590013 591219 591264 591633 591818 599552 605612 606202 607843 608098 608613 613915 614845 614847 615603 616609 619725 621788 621852 626603 626992 630461 630708 633885 639028 639303 641918 644226 644374 644390 645790 647458 647500 647578 648068 652320 653293 654293 654304 657431 663609 664852 668568 670551 672469 674145 675600 678040 681284 682422 683845 685665 686947 687083 691214 691291 691297 692092 695147 699629 703374 706756 708211 708418 708969 708973 709116 709136 713555 714099 715728 717468 719928 720650 720683 721578 723667 727105 729569 729666 729757 731057 731336 736789 737839 738479 738901 740991 741747 742264 743081 744761 745579 751796 751808 751813 752346 752415 754918 754980 758845 758869 759408 761610 762760 765883 766120 770191 770311 773472 778453 779212 779487 779716 780682 787647 791369 799752 801390 802572 808137 808292 812975 817668 817722 820855 821186 821339 822258 827372 829397 830037 833763 833950 834920 835973 838077 839470 842006 846413 846542 847506 848999 849243 850897 855729 857088 858834 859184 859344 861479 861970 863308 863315 865272 865317 865366 865404 866584 869138 873756 873880 874062 875834 876224 878437 882306 882670 883768 884239 884317 885499 886370 888556 890120 895057 897149 899251 899511 901482 906015 907137 908814 910226 910230 911390 914350 914579 915468 916576 918997 925999 927629 927670 929498 933549 939299 940088 941204 941331 942138 945627 946117 949251 949443 950333 955254 955583 957135 957141 961298 961398 961583 963300 963559 964167 965680 965696 966742 966755 971163 972247 972952 973550 973932 977115 977610 978224 979404 981723 984869 986988 993278 995890 997315 997849 999046 
488702 
489173 
489409 
489938 
490149 
490510 
12383 25828 31693 40475 40911 50694 99453 99721 101576 107105 136726 179508 185923 209007 220805 292336 307116 337815 338402 348929 361318 372124 378023 383991 387162 421075 425118 425700 427559 441897 451118 452922 457363 490375 490607 501479 521294 531175 542776 570730 575520 613375 624306 627014 640616 663551 676418 682051 688679 689254 690207 708608 711317 733919 740660 745243 745549 755795 800372 800418 817750 823681 827188 834001 835580 838209 851232 885903 894474 902896 908895 923440 930865 949661 955161 957292 968339 983090 996299 
491416 
492125 
493299 
493422 
493466 
493482 
494027 
494547 
36749 64216 97479 108612 183482 276484 344709 384468 448655 448668 466138 476423 485236 486174 491000 492814 493575 495033 501336 528868 539738 545673 551491 555958 563349 574714 579865 606155 621495 629674 681920 696121 720151 727820 759879 796049 814383 816794 828128 831507 882377 889190 890374 909818 927534 929085 962819 
495622 
496092 
496501 
496895 
497316 
498980 
499175 
499742 
500065 
500492 
501155 
501183 
501262 
501296 
44932 44933 44934 501999 
502943 
503868 
503883 
503892 
505560 
505565 
505635 
507551 
507689 
507909 
508435 
508531 
508762 
509152 
509523 
39917 510223 
510378 
511786 
511901 
513503 
513946 
514491 
514843 
514922 
515526 
516161 
516196 
517292 
517500 
518045 
519310 
519487 
519937 
520080 
520825 
521448 
522066 
522424 
522628 522631 528954 
522712 
523360 
523555 
523908 
131190 186807 204844 225571 289070 308180 340563 340724 375810 405078 423499 425468 433918 460202 509307 519305 524902 579762 662313 697604 745304 746967 751507 760045 764162 856934 869242 884915 912418 935503 962454 968252 971824 977000 987115 
525057 
525558 
525647 
525871 
525932 
525993 
526630 
526803 
39728 50718 78962 94417 103565 162164 185988 209011 211879 233434 256491 339891 340724 370721 384364 395665 413175 423499 452911 471125 473597 478429 484676 494318 503778 510342 526814 529031 532820 565267 610573 630511 634221 635599 646342 646821 647125 659217 667297 687301 703244 730322 736010 738783 746967 751380 776809 776858 788180 789482 789618 791698 792655 794218 816976 822201 827904 830045 830989 839067 842620 844385 853924 856934 869258 882344 883342 891035 897182 897257 897439 899419 899586 906764 907459 910454 926090 934025 944732 955320 955364 957217 967160 968670 987100 987103 
527337 
527681 
527707 
527899 
528946 
529066 
529418 
529684 
530973 
532522 
533342 
533854 
534034 
534132 
534487 
534630 
535610 
535667 
535703 
536535 
536912 
536986 
538524 
539238 
539706 
539826 
540608 
541555 
541695 
541807 
542546 
543115 
543310 
543774 
544674 
544703 
544821 
545980 
546366 
547728 
547951 
548231 
548718 
548899 
549105 
549602 
549951 
550102 
550417 
550986 
551863 
552006 
552805 
553304 
553779 
554009 
554500 
555176 
555926 
556195 
556235 
556505 
556743 
558005 
375364 558131 874570 
558396 
559261 
560525 
561522 
562500 
562848 
563261 
563268 
563584 
564061 
564539 
565294 
115530 125821 127500 149539 161765 164840 181917 189989 195926 196046 204657 211917 223168 275272 300285 349009 486759 520355 565502 609593 802573 825042 844587 859057 872409 911575 999702 
565549 
566020 
567311 
567546 
567660 
568113 
569162 
569262 
571156 
571382 
571839 
571841 
572375 
572449 
573628 
573761 
574336 
574743 
574887 
575251 
575857 
576245 
107981 351641 368437 451319 467805 576804 671923 
576889 
577517 
578656 
579463 
580454 
581263 
581269 
581991 
582098 
582198 
582222 
582312 
583584 
508585 583668 
583976 
584080 
584241 
584705 
584939 
584959 
585326 
585774 
585865 
37705 496229 496718 586069 667378 
586326 
586756 
587756 
587879 
587992 983285 
588313 
589564 
590003 
590201 
591466 
591877 
592564 
592784 
592808 
593341 
593808 
594642 
595006 
595120 
595766 
596799 
596913 
597164 
597219 
597654 
598269 
598531 
600017 
601336 
603174 
603187 
604040 
605054 
605302 
605690 
606266 
607592 
609259 
609298 
610745 
610793 
611664 
612421 
612635 
612654 
613353 
615173 
225591 615687 623728 
14302 57348 616312 621285 674256 847364 
616534 
616721 
617220 
617312 
617740 
618674 
619155 
620808 
173302 621105 744261 
99725 623400 647030 743051 802518 823370 865428 
623940 
624206 
624321 
625004 
626060 626061 626062 
628346 
628471 
629492 
631137 
360442 631139 944796 
631863 
632387 
632455 
632890 
632898 
633322 
288512 391773 581871 633397 
633938 
634128 
634171 
634373 
635361 
636123 
636726 
637508 
638037 
638265 
639067 
639071 
639238 
640509 
641502 
642523 
642933 
643010 
643223 
643821 
644030 
644070 
646123 
648590 
648594 
303143 649386 
649624 
650059 
184117 301258 650171 958835 
650286 
651881 
653510 
654170 
654241 
655107 
655244 
655690 
655975 
655977 
656030 
656620 
656899 
656994 
657141 
657231 
657294 
657460 
658415 
659171 
659751 
659808 
660877 
661160 
661598 
662880 
663154 
663689 
664878 
665182 
665982 
127191 294793 517039 520505 616438 666819 
667166 
667335 
668061 
669355 
669683 
669707 
669845 
669949 
670579 
18419 348430 394337 515652 666195 671712 838163 
671963 
672084 
672348 
673218 
673343 
16862 99515 643644 673829 
675223 
675611 
676568 
11457 51912 54963 59854 74148 79349 79866 82421 83537 92961 95042 99843 115159 116631 119251 126118 130035 135841 136946 205568 215430 215792 222805 233135 237718 268119 280688 284876 299337 315700 323426 324855 324916 335571 339229 344567 346653 347092 353530 391127 394244 429009 441326 445351 463633 476773 479362 482459 505061 505821 507978 510049 513734 514494 519894 544571 544899 562221 563793 575960 601128 648597 652375 677635 708496 709839 734550 749765 754814 765475 771267 773137 783234 843133 851755 856920 870025 894882 899501 906592 921067 939098 948624 957431 968916 
677846 
678372 
224297 522843 679171 875963 
680334 
680637 
680856 
680866 680867 
681112 
681399 
682778 
684453 
684569 
684989 
685965 
686454 
687239 
687942 
687959 
688228 
688357 
689036 
690075 
690659 
690695 
659880 690811 
690821 
691801 
692494 
692495 
692660 
692761 
693813 
694125 
694166 
695109 
695318 
695381 
696435 
696506 
696516 
697087 
697363 
698510 
699481 
700322 
700436 
700472 
701629 
701753 
702050 
702317 
702887 
703669 
703954 
704012 
705040 
705371 
706692 
707004 
707057 
707212 
707476 
708755 
709156 
709636 
199397 265057 696599 710770 
710785 
710919 
132619 276803 289582 515502 706495 711028 
711805 
712692 
713050 
713462 
714062 
716057 
716318 
716548 
717319 
717551 
717717 
719079 
720122 
720601 
720659 
722926 
723099 
723463 
723542 
724796 
617650 679483 724824 
725833 
725996 
726422 
726708 
726829 
727664 
728752 
728815 
729249 
453730 729295 
729617 
729980 
732717 
732980 
733192 
733248 
733973 
734287 
734647 
735609 
735968 
736819 
737056 
737870 
738058 
738203 
739223 
16395 268472 349210 365805 739874 
740013 
740385 
740450 
740719 
740832 
741214 
741605 
741624 
742010 
743181 
743745 
743885 
744331 
745242 
745533 
745636 
745900 
746116 
746473 
747037 
747192 
748005 
748661 
749315 
749550 
751304 
751893 
706841 752870 
752925 
753028 
753202 
753425 
754008 
754189 
754358 
754713 
754933 
756480 
756963 
757687 
758491 
759242 
759643 
760226 
760765 
760901 
761016 
761456 
761507 
761533 
762573 
762804 
763400 
763738 
763821 
764214 
764699 
764889 
765239 
765693 
765987 
766056 
766164 
766471 
768455 
768528 
768737 
768914 
769056 
769208 
769306 
769522 
770150 
130595 272720 508478 688924 772353 
774434 
775039 
775315 
776907 
776946 
777179 
778457 
778908 
461692 779869 
780153 
780614 
781313 
781421 
781985 
782012 
782318 
783129 
783137 
783227 
784674 
785522 
786402 
786813 
787252 
787972 
789372 
790627 
791283 
791502 
791786 
791840 
791853 
792465 
792937 
793502 
794169 
795022 
795128 
795755 
796169 
637636 796387 
796776 
796956 
797368 
797377 
797466 
798882 
799373 
799589 838492 
108217 117034 266351 289493 509392 521174 765609 799808 814282 852293 871729 
23814 193357 259061 278207 308513 328330 402096 407869 614080 712507 756627 799979 820550 855359 881372 917952 935515 
800107 
800387 
800517 
801079 
801336 
801805 
802446 
802568 
804340 
804362 
804749 
805338 
805948 
806161 
385157 806297 824705 
806326 
807208 
807878 
160349 368753 807903 819495 995244 
808670 
811923 
812051 
812108 
812947 
813174 
813624 
813789 
815133 
815386 
815927 
816217 
816542 816686 
817113 
820351 
821640 
821918 
822051 
822274 
823494 
823529 
823540 
823683 
823905 
824281 
824767 
824986 
825013 
825086 
826160 
826503 
826508 
35753 100020 117978 126680 126712 135806 143640 148327 156199 162368 171708 177859 198995 221878 223180 235832 236856 236859 250114 253710 262103 266316 286644 289370 309150 315938 316953 318239 326283 334339 345536 346189 351257 357653 362199 372659 373359 380822 390202 390918 397556 403222 404180 420740 422459 427859 427960 431323 461218 464809 479796 487082 508840 515327 534574 548820 565952 574047 575396 575782 576327 584061 587511 598579 598784 610048 612203 612540 645513 647070 651989 655595 673167 683736 686337 697793 727019 755168 771714 778129 785579 785623 807055 825048 825287 826958 830609 846758 848716 854024 856414 856953 881423 949504 958672 962443 984764 996858 
828462 
830489 
831054 
834354 
834525 
834548 
834759 
834962 
835210 
835775 
835829 
836125 
836139 
838093 
838261 
838337 
838848 
839257 
839835 
840734 
840816 
840824 
840980 
841148 
842263 
842608 
843325 
843724 
844343 
845356 916390 
845643 
845645 
845770 
846185 
846712 
846950 
847009 
847025 
847439 
847528 
847755 
848815 
850173 
850198 
850643 
852024 
852129 
852580 
853358 
853361 
853527 
853773 
854534 
854824 
855408 
855673 
856059 
856299 
856536 
856589 
35753 100020 117978 126680 126712 135806 143640 148327 156199 162368 171708 177859 198995 221878 223180 235832 236856 236859 250114 253710 262103 266316 286644 289370 309150 315938 316953 318239 326283 334339 345536 346189 351257 357653 362199 372659 373359 380822 390202 390918 397556 403222 404180 420740 422459 427859 427960 431323 461218 464809 479796 487082 508840 515327 534574 548820 565952 574047 575396 575782 576327 584061 587511 598579 598784 610048 612203 612540 645513 647070 651989 655595 673167 683736 686337 697793 727019 755168 771714 778129 785579 785623 807055 825048 825287 826958 830609 846758 848716 854024 856414 856953 881423 949504 958672 962443 984764 996858 
858894 
859137 
207284 238624 711967 783664 848142 859296 931206 
859504 
859804 
860384 
860633 
861589 
861841 
861984 
862007 
862353 
863584 
863642 
864140 
547216 845637 865205 
865221 
865232 
865947 
866079 
866727 
866933 
867098 
867871 
868009 
868187 
420789 868289 
869383 
870026 
870321 
870603 
870680 
870889 
272993 870915 
871568 
871623 
154266 873081 
873933 
873942 
875541 
875737 
876182 
876495 
877223 
877457 
877465 
877712 
877860 
879226 
879244 
879271 
879762 
880586 
881075 
881079 
882562 
883358 
883749 
883822 
884135 
884158 
884527 
884748 
885602 
885681 
885869 
885984 
886237 
886415 
886597 
887159 
887581 
887585 
887764 
890328 
890932 
892433 
892691 
892995 
893030 
893219 
893301 
507172 893479 
894403 
894580 
894595 
895636 
23222 59106 86928 138495 138915 144383 167690 200262 200501 215180 229952 237637 246723 317247 327910 376838 415621 424028 433832 441710 454200 468818 471598 484279 498041 560622 621670 710736 740816 801895 803548 813524 861923 880470 896573 904658 940352 955379 998562 
896951 
897569 
897758 
898045 
898771 
898942 
899143 
899755 
900053 
900062 
901367 
901501 
901881 
902128 
902484 
902664 
904250 
904531 
904551 
904904 
904915 
904944 
905567 
905964 
906350 
907285 
907458 
907857 
908626 
909361 
910378 
910826 
44903 62897 88541 100188 104242 115342 117210 117394 130609 143312 156718 164577 181644 203046 210244 218369 241420 244194 278063 305683 316881 318288 332988 343270 352347 353464 358922 373631 373691 374175 405952 425037 427572 430133 433567 444001 450242 451080 453280 456985 461400 464569 464581 470953 479877 487845 490364 498792 504089 528630 528904 530758 536951 536990 539596 548292 555159 557758 559722 566195 582150 589680 589754 605404 606462 613001 617997 628630 637187 638416 643546 647418 652466 664219 666930 668603 671973 673836 675142 675204 676263 676424 677578 677972 678017 679784 682726 685875 708362 715998 726416 726911 730868 731778 731850 733626 735065 735388 737533 741525 745322 748081 753539 753966 756070 756216 757071 757325 757389 757407 758168 760222 761405 765764 767859 777133 781642 785674 791644 791753 795819 800014 807814 831628 840016 844957 854267 856828 859685 862478 873415 891656 904068 907149 907626 910353 910922 911727 916298 916450 923363 934776 941772 947728 957412 959090 961627 963397 
910981 
911179 
911366 
911534 
911804 
912801 
913184 
914560 
29053 44798 48695 48721 48747 133686 142625 161940 179763 181938 270374 280033 289683 302700 317989 330793 331928 340778 350382 392969 397725 401644 419215 433618 461862 490442 523509 530978 547963 557703 564548 589671 592345 592408 612468 629988 637638 664156 711686 713692 726169 741720 751340 755611 775651 792796 801768 802872 827625 833909 839121 843356 846932 871215 914721 916649 945744 956521 
125478 290312 506960 641306 715716 914827 
915131 
915859 915983 
915998 
686703 915999 
916072 
916085 
916099 
916251 
916399 
916625 
918049 
565157 918686 
918773 
919159 
919309 
919834 
920333 
921168 
921392 
922711 
923638 
923823 
923916 
923972 
924858 
925810 
926382 
926628 
927804 
928259 
929013 
930101 
931439 
932079 
932210 
932674 
98397 184347 205348 324851 503921 699607 758723 933102 
6287 8712 12513 18177 29599 31882 39344 39689 40444 40581 42066 57978 60268 64507 67519 68518 72354 76541 82608 87390 98637 112541 125637 127775 133475 140354 146380 151753 160766 168797 174368 180878 182156 186341 187190 193038 195140 201732 208153 219472 224687 232919 236195 241212 243423 244907 248367 251939 259137 260210 272501 273577 274565 277899 281960 291429 300665 304723 305381 309949 312108 323594 334509 334541 338215 347209 353138 360150 369808 375415 376915 379218 379741 381489 387768 389093 389894 406709 423436 426524 431328 434769 437342 440996 443019 449760 460443 468284 469587 470326 478776 480352 487478 495997 502609 504309 511620 514296 516607 516873 530028 537532 541361 547761 548302 553478 554356 562380 571361 586367 594681 599000 602503 609802 609983 616686 627202 629920 631970 632969 637944 644096 646215 648602 661755 663262 664107 664142 664265 665292 669132 673004 678798 690975 691235 707676 714543 717606 719136 721948 723626 726984 728912 734805 739179 755960 778317 781496 781498 785923 799305 806963 807854 808040 814437 818862 819385 825165 832064 833939 841354 842755 847071 849026 858825 863350 868149 871254 884108 885974 887683 889022 894131 894555 900631 906222 913240 915942 917518 919413 926332 926503 927158 930732 934274 937300 942712 945176 951339 955132 957997 966998 968061 989219 990074 990623 992641 995219 
935540 
935542 
935774 
936059 
937138 
937638 
939374 
939710 
940562 
940735 
940804 
941293 
941381 
942195 
943069 
943229 
943508 
944334 
188713 562272 944758 
945339 
946045 
946469 
947029 
947307 
948058 
948130 
948206 
950022 
950103 
950368 
950399 
952071 
952135 
952286 
952825 
953934 
954716 
955168 
955329 
956002 
956029 
957239 
957613 
957872 
958178 
958233 
959160 
959441 
959799 
959956 
959984 
960683 
961723 
961961 
121730 166594 459002 538584 964468 
965207 
965840 
967613 
969092 
969363 
969460 
970589 
971075 
971127 
971524 
971799 
972009 
972111 
972143 
972481 
973207 
973634 
973924 
976250 
976337 
976469 
976631 
977007 
977963 
458101 875107 879380 914887 977994 
979087 
980198 
980968 
981188 
981361 
982421 
983668 
984379 
984545 
984701 
984881 
984947 
985334 
985693 
987165 
988166 
988216 
989323 
989568 
990308 
990580 
990704 
990852 
991624 
991771 
991972 
992240 
992637 
993042 
993047 
993187 
993815 
993868 
994953 
995374 
995800 
996114 
978517 996537 
997259 
997303 
997712 
997731 
997818 
997983 
999232 
999651 
999930 
